#RPLIDAR SCAN DATA
#COUNT=165
#Angule	Distance	Quality
355.4531 351.0 47
356.6719 349.0 47
357.5156 350.0 47
359.3438 337.0 47
0.5625 330.0 47
1.9063 326.0 47
2.6094 324.0 47
3.8281 322.0 47
5.2969 322.0 47
6.6406 322.0 47
7.9688 323.0 47
9.1875 327.0 47
10.5313 328.0 47
11.1250 326.0 47
12.8438 326.0 47
13.6875 331.0 47
14.6406 339.0 47
15.7344 354.0 47
18.6094 705.0 47
19.8125 696.0 47
21.0313 685.0 47
22.3750 676.0 47
32.4844 551.0 47
33.9531 545.0 47
162.3750 313.0 47
163.5781 313.0 47
171.5625 353.0 47
172.9063 309.0 47
173.9844 308.0 47
175.7031 301.0 47
176.7969 297.0 47
178.3750 295.0 47
179.0938 296.0 47
180.5469 298.0 47
181.6406 303.0 47
182.9844 309.0 47
183.9375 313.0 47
187.3281 318.0 47
188.7969 316.0 47
189.7500 314.0 47
191.3438 314.0 47
192.5469 314.0 47
194.0156 314.0 47
194.8594 318.0 47
195.8125 320.0 47
197.0313 325.0 47
198.2344 330.0 47
199.4531 336.0 47
200.4219 343.0 47
204.1094 782.0 47
205.3281 792.0 47
206.5469 787.0 47
207.7500 797.0 47
208.9688 808.0 47
210.1875 820.0 47
211.2656 835.0 47
212.4844 847.0 47
213.5781 861.0 47
214.9219 875.0 47
216.1250 893.0 47
217.2188 909.0 47
218.4375 927.0 47
219.6406 948.0 47
220.7344 956.0 47
222.0781 972.0 47
223.1719 993.0 47
224.2500 1017.0 47
225.5938 1042.0 47
226.6875 1072.0 47
227.8906 1103.0 47
229.1094 1135.0 47
230.3281 1173.0 47
233.1719 514.0 47
234.5000 496.0 47
235.5938 480.0 47
236.9375 464.0 47
238.4063 453.0 47
239.4844 449.0 47
240.8281 448.0 47
241.9063 449.0 47
243.0000 448.0 47
244.3281 446.0 47
245.5469 447.0 47
246.6406 454.0 47
248.2188 430.0 47
249.3125 426.0 47
250.6406 427.0 47
251.8594 429.0 47
252.9531 431.0 47
254.1563 433.0 47
255.5000 430.0 47
256.7031 426.0 47
257.7969 430.0 47
259.0156 433.0 47
260.2188 439.0 47
261.4375 443.0 47
262.7656 443.0 47
263.9844 449.0 47
264.8281 458.0 47
266.1563 476.0 47
267.2500 482.0 47
268.2031 489.0 47
269.4219 511.0 47
270.6406 524.0 47
271.7188 540.0 47
272.8125 579.0 47
275.6563 2474.0 47
276.8750 2475.0 47
278.0938 2485.0 47
279.2969 2499.0 47
280.5156 2506.0 47
281.7344 2522.0 47
282.9531 2538.0 47
284.1563 2551.0 47
285.3750 2564.0 47
286.5938 2514.0 47
287.7969 2529.0 47
289.0156 2551.0 47
290.2344 2570.0 47
291.4531 2588.0 47
292.6563 2610.0 47
293.8750 2632.0 47
295.0938 2657.0 47
296.2969 2686.0 47
297.5156 2721.0 47
298.7344 2757.0 47
299.9531 2798.0 47
301.1563 2828.0 47
302.3750 2873.0 47
303.5938 2763.0 47
304.7969 2802.0 47
305.8906 2851.0 47
307.1094 2897.0 47
308.3281 2938.0 47
309.5313 2987.0 47
310.7500 3054.0 47
311.9688 3103.0 47
313.1875 3163.0 47
314.3906 3288.0 47
315.6094 3503.0 47
321.4375 6689.0 47
322.6563 6541.0 47
323.8594 6128.0 47
325.4531 2745.0 47
326.6719 2725.0 47
327.8906 2688.0 47
329.0938 2651.0 47
330.3125 2619.0 47
331.5313 2566.0 47
332.7500 2570.0 47
333.9531 2554.0 47
335.1719 2524.0 47
336.3906 2509.0 47
337.6094 2486.0 47
338.8125 2473.0 47
340.0313 2450.0 47
341.2500 2436.0 47
342.4688 2413.0 47
343.6719 2399.0 47
344.8906 2377.0 47
346.2344 2371.0 47
347.3281 2362.0 47
348.6563 2349.0 47
349.8750 2343.0 47
354.3438 352.0 47
